3.865724988000000012e+05 3.736371086999999825e+06
3.865855176000000210e+05 3.737556859000000171e+06
3.864299271999999764e+05 3.737751663000000175e+06
3.863671131000000169e+05 3.737976433999999892e+06
3.865488142000000225e+05 3.739424214999999851e+06
3.865812313999999897e+05 3.739961200000000186e+06
3.867606471000000020e+05 3.740255169000000227e+06
3.868034097000000183e+05 3.740370842000000179e+06
3.867675599999999977e+05 3.740603313000000082e+06
3.870351964000000153e+05 3.741094873000000138e+06
3.870987325999999885e+05 3.741925330999999773e+06
3.871748031000000192e+05 3.742390623000000138e+06
3.873138424000000232e+05 3.742640469000000041e+06
3.873059307000000263e+05 3.743139625000000000e+06
3.874489074999999721e+05 3.744200140000000130e+06
3.876268173999999999e+05 3.744375748000000138e+06
3.880202270000000135e+05 3.744867714999999851e+06
3.884030165999999736e+05 3.745311691000000108e+06
3.886784380000000237e+05 3.745301345999999903e+06
3.888840523999999859e+05 3.746183566999999806e+06
3.889816571000000113e+05 3.746885580000000075e+06
3.890325925999999745e+05 3.747710870999999810e+06
3.894805140999999712e+05 3.749681353999999817e+06
3.896551533000000054e+05 3.750760865000000224e+06
3.896960174000000115e+05 3.751020319000000134e+06
3.898664323999999906e+05 3.752126998999999836e+06
3.901028866999999736e+05 3.752668004000000190e+06
3.904652640999999712e+05 3.753222470999999903e+06
3.905366083000000217e+05 3.753328847000000067e+06
3.909132310000000289e+05 3.755101720000000205e+06
3.909403562999999849e+05 3.755120359999999870e+06
3.912444574000000139e+05 3.756669776999999769e+06
3.912674160999999731e+05 3.756714513999999966e+06
3.915308866999999736e+05 3.756951870000000112e+06
3.917125446000000229e+05 3.757037274000000209e+06
3.922940015000000130e+05 3.757608174999999814e+06
3.924743025999999954e+05 3.757800220999999903e+06
3.931969536000000080e+05 3.758266029999999795e+06
3.937811408999999985e+05 3.758284828000000212e+06
3.948640537999999942e+05 3.758746916999999899e+06
3.951246966999999713e+05 3.758815833999999799e+06
3.960082803999999887e+05 3.759398495000000112e+06
3.964540802999999723e+05 3.759632456999999937e+06
3.966125341999999946e+05 3.759753799000000115e+06
3.968843640000000014e+05 3.759915842000000179e+06
3.969589567999999854e+05 3.759924890999999829e+06
3.984882183000000077e+05 3.760545640999999829e+06
3.988074699999999721e+05 3.760849016999999993e+06
4.005776464999999735e+05 3.762839183000000194e+06
4.012083253000000259e+05 3.763276294999999925e+06
4.014605495000000228e+05 3.763835503000000026e+06
4.016983922000000020e+05 3.764214262000000104e+06
4.019427343641420011e+05 3.764566684636480175e+06
